598854394497
376266499665
223627428375
715450755360
2644799702
846208560421
867209898521
297441197735
141090380718
130554343541
92656129200
763309590401
852931774174
687657703335
675251776530
34189047183
268260735980
723807354278
723360469794
183296343904
44271847487
266834291270
45781364744
145171557063
554990339115
805445232697
661097282048
942310090656
656209183079
88550851627
475958312113
1604649889
62306938508
282484501867
432273419375
96447992986
97603095560
213023206381
255788147255
177583857094
118388591366
361154082414
7100426547
111706298201
122334876775
328785033754
825114948601
513787174575
429747632009
468203594456
739447938547
571871039128
793825088216
621130731921
654537856407
157723147465
95629904758
39282554264
101205685611
94466442391
971964395921
320026900302
582703520574
245726180707
66128545839
272958335838
578566083284
792118600515
460141497395
222565089056
41156842016
818530885571
320590371209
408303742247
220522619778
319061920853
883606899835
886435432618
396990970639
468590458852
684091671764
187681657253
519742771581
526975229471
259286097217
967138140254
549463535079
807270293670
87269912537
421513935149
536247155569
924412068306
501792883506
841117536567
848328346337
545530078628
895447528613
972013196965
209454733858
289344187419
578165982354
112227158195
